S 1000000000000000 0100000000000000 0010000000000000 0001000000000000

1000000000000000 1000100000000000 1000010000000000 1000001000000000 1000000100000000
0100000000000000 0100100000000000 0100010000000000 0100001000000000 0100000100000000
0010000000000000 0010100000000000 0010010000000000 0010001000000000 0010000100000000
0001000000000000 0001100000000000 0001010000000000 0001001000000000 0001000100000000

1000100000000000 1000100010000000 1000100001000000 1000100000100000 1000100000010000
1000010000000000 1000010010000000 1000010001000000 1000010000100000 1000010000010000
1000001000000000 1000001010000000 1000001001000000 1000001000100000 1000001000010000
1000000100000000 1000000110000000 1000000101000000 1000000100100000 1000000100010000
0100100000000000 0100100010000000 0100100001000000 0100100000100000 0100100000010000
0100010000000000 0100010010000000 0100010001000000 0100010000100000 0100010000010000
0100001000000000 0100001010000000 0100001001000000 0100001000100000 0100001000010000
0100000100000000 0100000110000000 0100000101000000 0100000100100000 0100000100010000
0010100000000000 0010100010000000 0010100001000000 0010100000100000 0010100000010000
0010010000000000 0010010010000000 0010010001000000 0010010000100000 0010010000010000
0010001000000000 0010001010000000 0010001001000000 0010001000100000 0010001000010000
0010000100000000 0010000110000000 0010000101000000 0010000100100000 0010000100010000
0001100000000000 0001100010000000 0001100001000000 0001100000100000 0001100000010000
0001010000000000 0001010010000000 0001010001000000 0001010000100000 0001010000010000
0001001000000000 0001001010000000 0001001001000000 0001001000100000 0001001000010000
0001000100000000 0001000110000000 0001000101000000 0001000100100000 0001000100010000

1000100010000000 1000100010001000 1000100010000100 1000100010000010 1000100010000001
1000100001000000 1000100001001000 1000100001000100 1000100001000010 1000100001000001
1000100000100000 1000100000101000 1000100000100100 1000100000100010 1000100000100001
1000100000010000 1000100000011000 1000100000010100 1000100000010010 1000100000010001
1000010010000000 1000010010001000 1000010010000100 1000010010000010 1000010010000001
1000010001000000 1000010001001000 1000010001000100 1000010001000010 1000010001000001
1000010000100000 1000010000101000 1000010000100100 1000010000100010 1000010000100001
1000010000010000 1000010000011000 1000010000010100 1000010000010010 1000010000010001
1000001010000000 1000001010001000 1000001010000100 1000001010000010 1000001010000001
1000001001000000 1000001001001000 1000001001000100 1000001001000010 1000001001000001
1000001000100000 1000001000101000 1000001000100100 1000001000100010 1000001000100001
1000001000010000 1000001000011000 1000001000010100 1000001000010010 1000001000010001
1000000110000000 1000000110001000 1000000110000100 1000000110000010 1000000110000001
1000000101000000 1000000101001000 1000000101000100 1000000101000010 1000000101000001
1000000100100000 1000000100101000 1000000100100100 1000000100100010 1000000100100001
1000000100010000 1000000100011000 1000000100010100 1000000100010010 1000000100010001
0100100010000000 0100100010001000 0100100010000100 0100100010000010 0100100010000001
0100100001000000 0100100001001000 0100100001000100 0100100001000010 0100100001000001
0100100000100000 0100100000101000 0100100000100100 0100100000100010 0100100000100001
0100100000010000 0100100000011000 0100100000010100 0100100000010010 0100100000010001
0100010010000000 0100010010001000 0100010010000100 0100010010000010 0100010010000001
0100010001000000 0100010001001000 0100010001000100 0100010001000010 0100010001000001
0100010000100000 0100010000101000 0100010000100100 0100010000100010 0100010000100001
0100010000010000 0100010000011000 0100010000010100 0100010000010010 0100010000010001
0100001010000000 0100001010001000 0100001010000100 0100001010000010 0100001010000001
0100001001000000 0100001001001000 0100001001000100 0100001001000010 0100001001000001
0100001000100000 0100001000101000 0100001000100100 0100001000100010 0100001000100001
0100001000010000 0100001000011000 0100001000010100 0100001000010010 0100001000010001
0100000110000000 0100000110001000 0100000110000100 0100000110000010 0100000110000001
0100000101000000 0100000101001000 0100000101000100 0100000101000010 0100000101000001
0100000100100000 0100000100101000 0100000100100100 0100000100100010 0100000100100001
0100000100010000 0100000100011000 0100000100010100 0100000100010010 0100000100010001
0010100010000000 0010100010001000 0010100010000100 0010100010000010 0010100010000001
0010100001000000 0010100001001000 0010100001000100 0010100001000010 0010100001000001
0010100000100000 0010100000101000 0010100000100100 0010100000100010 0010100000100001
0010100000010000 0010100000011000 0010100000010100 0010100000010010 0010100000010001
0010010010000000 0010010010001000 0010010010000100 0010010010000010 0010010010000001
0010010001000000 0010010001001000 0010010001000100 0010010001000010 0010010001000001
0010010000100000 0010010000101000 0010010000100100 0010010000100010 0010010000100001
0010010000010000 0010010000011000 0010010000010100 0010010000010010 0010010000010001
0010001010000000 0010001010001000 0010001010000100 0010001010000010 0010001010000001
0010001001000000 0010001001001000 0010001001000100 0010001001000010 0010001001000001
0010001000100000 0010001000101000 0010001000100100 0010001000100010 0010001000100001
0010001000010000 0010001000011000 0010001000010100 0010001000010010 0010001000010001
0010000110000000 0010000110001000 0010000110000100 0010000110000010 0010000110000001
0010000101000000 0010000101001000 0010000101000100 0010000101000010 0010000101000001
0010000100100000 0010000100101000 0010000100100100 0010000100100010 0010000100100001
0010000100010000 0010000100011000 0010000100010100 0010000100010010 0010000100010001
0001100010000000 0001100010001000 0001100010000100 0001100010000010 0001100010000001
0001100001000000 0001100001001000 0001100001000100 0001100001000010 0001100001000001
0001100000100000 0001100000101000 0001100000100100 0001100000100010 0001100000100001
0001100000010000 0001100000011000 0001100000010100 0001100000010010 0001100000010001
0001010010000000 0001010010001000 0001010010000100 0001010010000010 0001010010000001
0001010001000000 0001010001001000 0001010001000100 0001010001000010 0001010001000001
0001010000100000 0001010000101000 0001010000100100 0001010000100010 0001010000100001
0001010000010000 0001010000011000 0001010000010100 0001010000010010 0001010000010001
0001001010000000 0001001010001000 0001001010000100 0001001010000010 0001001010000001
0001001001000000 0001001001001000 0001001001000100 0001001001000010 0001001001000001
0001001000100000 0001001000101000 0001001000100100 0001001000100010 0001001000100001
0001001000010000 0001001000011000 0001001000010100 0001001000010010 0001001000010001
0001000110000000 0001000110001000 0001000110000100 0001000110000010 0001000110000001
0001000101000000 0001000101001000 0001000101000100 0001000101000010 0001000101000001
0001000100100000 0001000100101000 0001000100100100 0001000100100010 0001000100100001
0001000100010000 0001000100011000 0001000100010100 0001000100010010 0001000100010001

1000100010001000
1000100010000100
1000100010000010
1000100010000001
1000100001001000
1000100001000100
1000100001000010
1000100001000001
1000100000101000
1000100000100100
1000100000100010
1000100000100001
1000100000011000
1000100000010100
1000100000010010
1000100000010001
1000010010001000
1000010010000100
1000010010000010
1000010010000001
1000010001001000
1000010001000100
1000010001000010
1000010001000001
1000010000101000
1000010000100100
1000010000100010
1000010000100001
1000010000011000
1000010000010100
1000010000010010
1000010000010001
1000001010001000
1000001010000100
1000001010000010
1000001010000001
1000001001001000
1000001001000100
1000001001000010
1000001001000001
1000001000101000
1000001000100100
1000001000100010
1000001000100001
1000001000011000
1000001000010100
1000001000010010
1000001000010001
1000000110001000
1000000110000100
1000000110000010
1000000110000001
1000000101001000
1000000101000100
1000000101000010
1000000101000001
1000000100101000
1000000100100100
1000000100100010
1000000100100001
1000000100011000
1000000100010100
1000000100010010
1000000100010001
0100100010001000
0100100010000100
0100100010000010
0100100010000001
0100100001001000
0100100001000100
0100100001000010
0100100001000001
0100100000101000
0100100000100100
0100100000100010
0100100000100001
0100100000011000
0100100000010100
0100100000010010
0100100000010001
0100010010001000
0100010010000100
0100010010000010
0100010010000001
0100010001001000
0100010001000100
0100010001000010
0100010001000001
0100010000101000
0100010000100100
0100010000100010
0100010000100001
0100010000011000
0100010000010100
0100010000010010
0100010000010001
0100001010001000
0100001010000100
0100001010000010
0100001010000001
0100001001001000
0100001001000100
0100001001000010
0100001001000001
0100001000101000
0100001000100100
0100001000100010
0100001000100001
0100001000011000
0100001000010100
0100001000010010
0100001000010001
0100000110001000
0100000110000100
0100000110000010
0100000110000001
0100000101001000
0100000101000100
0100000101000010
0100000101000001
0100000100101000
0100000100100100
0100000100100010
0100000100100001
0100000100011000
0100000100010100
0100000100010010
0100000100010001
0010100010001000
0010100010000100
0010100010000010
0010100010000001
0010100001001000
0010100001000100
0010100001000010
0010100001000001
0010100000101000
0010100000100100
0010100000100010
0010100000100001
0010100000011000
0010100000010100
0010100000010010
0010100000010001
0010010010001000
0010010010000100
0010010010000010
0010010010000001
0010010001001000
0010010001000100
0010010001000010
0010010001000001
0010010000101000
0010010000100100
0010010000100010
0010010000100001
0010010000011000
0010010000010100
0010010000010010
0010010000010001
0010001010001000
0010001010000100
0010001010000010
0010001010000001
0010001001001000
0010001001000100
0010001001000010
0010001001000001
0010001000101000
0010001000100100
0010001000100010
0010001000100001
0010001000011000
0010001000010100
0010001000010010
0010001000010001
0010000110001000
0010000110000100
0010000110000010
0010000110000001
0010000101001000
0010000101000100
0010000101000010
0010000101000001
0010000100101000
0010000100100100
0010000100100010
0010000100100001
0010000100011000
0010000100010100
0010000100010010
0010000100010001
0001100010001000
0001100010000100
0001100010000010
0001100010000001
0001100001001000
0001100001000100
0001100001000010
0001100001000001
0001100000101000
0001100000100100
0001100000100010
0001100000100001
0001100000011000
0001100000010100
0001100000010010
0001100000010001
0001010010001000
0001010010000100
0001010010000010
0001010010000001
0001010001001000
0001010001000100
0001010001000010
0001010001000001
0001010000101000
0001010000100100
0001010000100010
0001010000100001
0001010000011000
0001010000010100
0001010000010010
0001010000010001
0001001010001000
0001001010000100
0001001010000010
0001001010000001
0001001001001000
0001001001000100
0001001001000010
0001001001000001
0001001000101000
0001001000100100
0001001000100010
0001001000100001
0001001000011000
0001001000010100
0001001000010010
0001001000010001
0001000110001000
0001000110000100
0001000110000010
0001000110000001
0001000101001000
0001000101000100
0001000101000010
0001000101000001
0001000100101000
0001000100100100
0001000100100010
0001000100100001
0001000100011000
0001000100010100
0001000100010010
0001000100010001